2219.1	2.47097167969	2.44116210938
2220.9	2.59584960937	2.49755859375
2221.2	2.49191894531	2.41618652344
2221.3	2.57006835938	2.49836425781
2223.9	2.54670410156	2.51447753906
2225.0	2.50883789062	2.47016601562
2225.7	2.58054199219	2.53864746094
2227.3	2.6232421875	2.53381347656
2227.6	2.57329101562	2.41215820312
2227.6	2.58054199219	2.50480957031
2229.1	2.56362304687	2.48386230469
2229.4	2.59826660156	2.49111328125
2229.4	2.56604003906	2.4685546875
2229.6	2.49111328125	2.45969238281
2232.9	2.54831542969	2.45969238281
2233.3	2.513671875	2.44357910156
2236.1	2.51931152344	2.43552246094
2239.3	2.54912109375	2.44519042969
2242.8	2.47097167969	2.47419433594
2242.9	2.52817382812	2.39201660156
2243.1	2.62404785156	2.50400390625
2243.2	2.49191894531	2.40651855469
2243.4	2.60954589844	2.53864746094
2243.9	2.52736816406	2.46049804687
2245.3	2.62888183594	2.66110839844
2246.1	2.70139160156	2.31145019531
2246.2	2.54106445312	2.487890625
2247.1	2.58859863281	2.57087402344
2247.4	2.43955078125	2.50642089844
2248.0	2.58618164062	2.51447753906
2248.6	2.55476074219	2.53381347656
2249.7	2.54187011719	2.47661132812
2256.0	2.50964355469	2.50158691406
2256.2	2.47741699219	2.41618652344
2256.2	2.54267578125	2.48305664062
2257.7	2.50964355469	2.44357910156
2262.0	2.5845703125	2.51206054687
2262.3	2.57731933594	2.52736816406
2264.4	2.55717773437	2.41618652344
2265.3	2.64499511719	2.65063476562
2266.7	2.41538085937	2.42182617187
2272.0	2.60712890625	2.5458984375
2272.2	2.63532714844	2.67238769531
2274.0	2.65869140625	2.54670410156
2275.5	2.53220214844	2.54025878906
2275.9	2.53220214844	2.51286621094
2276.3	2.58054199219	2.5330078125
2277.3	2.72395019531	2.62565917969
2281.9	2.6876953125	2.51286621094
2282.5	2.48708496094	2.33400878906
2289.9	2.53542480469	2.33239746094
2291.1	2.48063964844	2.34770507812
2291.3	2.46291503906	2.38798828125
2293.7	2.54509277344	2.32998046875
2293.9	2.65466308594	2.371875
2294.9	2.56442871094	2.35092773437
2295.7	2.50642089844	2.38154296875
2299.3	2.51528320312	2.38798828125
2301.4	2.56362304687	2.40974121094
2301.4	2.49675292969	2.30419921875
2301.9	2.49997558594	2.32434082031
2303.4	2.46533203125	2.30017089844
2307.6	2.49111328125	2.31708984375
2308.7	2.51608886719	2.41215820312
2310.1	2.50158691406	2.28728027344
2310.9	2.513671875	2.35817871094
2311.9	2.4814453125	2.38073730469
2311.9	2.51931152344	2.40812988281
2314.3	2.69011230469	2.34770507812
2314.5	2.4943359375	2.31306152344
2314.7	2.5974609375	2.36381835937
2317.7	2.62001953125	2.47580566406
2318.9	2.51931152344	2.27922363281
2319.4	2.47419433594	2.32998046875
2323.9	2.55717773437	0.9990234375
2370.6	2.79645996094	2.27277832031
2403.3	2.82546386719	2.51286621094
2445.8	2.56120605469	2.69091796875
2469.9	2.61599121094	2.46694335938
2486.5	2.92858886719	2.35012207031
2489.7	2.63049316406	2.61276855469
2498.4	2.79565429688	2.60632324219
2504.5	2.81499023437	2.20671386719
2525.5	2.72717285156	2.47258300781
2535.0	2.77390136719	2.41215820312
2541.1	2.60954589844	2.02302246094
2551.9	2.82788085938	2.35817871094
2569.6	2.80773925781	2.46452636719
2575.0	2.91569824219	2.21154785156
2584.9	2.59423828125	2.50239257812
2595.8	2.83996582031	2.49191894531
2655.2	2.61921386719	2.50239257812
2660.0	2.62727050781	2.74328613281
2671.4	2.59907226562	2.55476074219
2677.5	2.79243164062	2.62888183594
2690.6	3.00673828125	2.78195800781
2702.6	2.56442871094	2.65385742187
2726.9	2.85446777344	2.42263183594
2727.5	2.58054199219	2.68527832031
2729.6	2.53542480469	2.61599121094
2730.5	2.88911132812	2.79645996094
2735.2	2.89233398438	2.44116210938
2749.7	2.75456542969	2.65305175781
2765.5	2.69252929687	2.57329101562
2784.1	2.88669433594	2.65063476562
2798.4	2.81337890625	2.66110839844
2822.4	2.47902832031	2.83271484375
2831.9	2.69333496094	2.55959472656
2833.4	2.76826171875	2.43874511719
2842.9	2.91811523437	2.62001953125
2896.4	2.71589355469	2.41135253906
2908.3	2.46533203125	2.75295410156
2922.5	2.9712890625	2.45888671875
2928.2	2.69333496094	2.46613769531
2937.1	2.64177246094	2.55234375
2976.8	2.51608886719	2.89636230469
2987.2	2.52897949219	2.64580078125
3016.1	2.91086425781	2.33481445312
3020.6	2.797265625	2.40651855469
3022.1	2.71508789062	2.6296875
3060.2	2.99948730469	2.53864746094
3063.7	2.61357421875	2.88669433594
3082.2	2.75778808594	2.49997558594
3082.4	2.91730957031	2.67399902344
3125.3	2.61760253906	2.76745605469
3139.3	2.52172851562	2.5845703125
3146.6	2.80854492187	2.48386230469
3162.3	2.83513183594	2.51206054687
3175.3	2.64177246094	2.72314453125
3178.3	2.59182128906	2.78034667969
3192.4	3.07199707031	2.46613769531
3201.2	2.81740722656	2.56765136719
3209.7	2.89152832031	2.51931152344
3223.0	2.59665527344	2.56120605469
3244.0	2.66030273437	2.51931152344
3244.0	2.82707519531	2.46774902344
3251.9	2.75617675781	2.46694335938
3285.4	2.55717773437	2.60874023437
3295.4	2.71508789062	2.59504394531
3311.4	2.45808105469	2.82788085938
3318.5	2.52253417969	2.58537597656
3338.1	2.5716796875	2.71589355469
3369.0	2.49997558594	2.51125488281
3420.5	2.62082519531	2.74892578125
3433.1	2.61437988281	2.616796875
3437.1	2.67238769531	2.41215820312
3459.3	2.64096679687	2.58618164062
3482.2	2.86010742188	2.46533203125
3522.4	2.62727050781	2.54992675781
3581.7	2.75778808594	2.68930664062
3584.0	2.65869140625	2.73039550781
3634.1	2.93020019531	2.60471191406
3652.1	2.69655761719	2.65063476562
3655.3	2.80935058594	2.33562011719
3680.2	2.71428222656	2.62727050781
3688.4	2.64177246094	2.60471191406
3694.5	2.71750488281	2.56201171875
3699.1	2.565234375	2.71105957031
3704.7	2.79968261719	2.55717773437
3783.5	2.58940429687	2.69816894531
3788.0	2.76262207031	2.47580566406
3801.6	2.85769042969	2.77631835937
3811.7	2.64418945312	2.44196777344
3903.0	2.68205566406	2.60148925781
3921.9	2.73200683594	2.62727050781
3924.1	2.48466796875	2.54831542969
3975.1	2.58054199219	2.50642089844
4021.1	2.82546386719	2.57973632812
