3976.0	1.353515625	1.97709960937
3976.3	1.35432128906	2.10842285156
3978.6	1.35109863281	2.06652832031
3979.3	1.353515625	2.01818847656
3981.8	1.3470703125	1.92312011719
3982.1	1.34545898438	2.02785644531
3982.4	1.34868164062	1.97951660156
3982.8	1.34868164062	2.02785644531
3982.9	1.35029296875	2.0560546875
3983.4	1.35270996094	1.88605957031
3983.7	1.35270996094	1.94245605469
3983.8	1.35270996094	2.26391601562
3984.6	1.36157226562	1.85866699219
3985.1	1.35593261719	2.02785644531
3985.5	1.35754394531	1.83288574219
3985.6	1.35512695312	2.04719238281
3987.7	1.35270996094	2.01335449219
3987.9	1.35593261719	2.11245117188
3988.9	1.35754394531	1.93439941406
3989.5	1.35593261719	1.96018066406
3989.6	1.35673828125	2.00046386719
3990.6	1.35512695312	2.01577148438
3991.5	1.35512695312	2.01335449219
3992.3	1.35512695312	2.11970214844
3993.0	1.35915527344	1.96259765625
3993.8	1.35673828125	2.06572265625
3994.5	1.35834960937	2.01335449219
3994.5	1.36237792969	1.97709960937
3997.9	1.34948730469	2.10439453125
3998.1	1.35593261719	1.87397460937
3998.4	1.35029296875	2.07780761719
3998.5	1.35432128906	2.1076171875
3998.9	1.35754394531	1.98757324219
4000.1	1.35593261719	1.88767089844
4001.2	1.35270996094	1.96743164062
4001.5	1.35109863281	2.08425292969
4002.4	1.35190429687	1.90297851562
4003.2	1.34868164062	2.03591308594
4003.5	1.35029296875	2.18254394531
4003.6	1.35754394531	2.07700195312
4004.9	1.35754394531	2.02463378906
4005.7	1.35754394531	1.74909667969
4008.6	1.34223632812	2.00368652344
4009.9	1.340625	2.00046386719
4010.5	1.340625	1.97629394531
4015.0	1.327734375	2.02302246094
4015.2	1.33095703125	1.92392578125
4015.7	1.33015136719	1.78696289062
4016.2	1.32531738281	2.11325683594
4016.2	1.33256835937	1.95051269531
4016.3	1.33498535156	1.91345214844
4016.9	1.33337402344	1.99965820312
4018.7	1.33095703125	2.05847167969
4019.1	1.33498535156	1.97065429687
4019.3	1.33659667969	2.06330566406
4019.8	1.33901367187	1.90378417969
4020.2	1.33820800781	2.17287597656
4020.4	1.34626464844	1.91506347656
4021.5	1.34223632812	1.69028320312
4022.5	1.33176269531	1.97145996094
4022.7	1.33176269531	1.93842773437
4024.3	1.33095703125	2.04719238281
4026.6	1.327734375	1.96904296875
4026.9	1.32854003906	1.96018066406
4027.2	1.32934570312	1.94245605469
4028.9	1.32692871094	2.09150390625
4029.7	1.33095703125	1.97307128906
4029.8	1.33256835937	1.98354492187
4030.4	1.33256835937	2.00852050781
4030.8	1.3341796875	1.998046875
4030.8	1.33740234375	1.93842773437
4030.9	1.33981933594	2.01899414062
4032.1	1.340625	2.01013183594
4032.3	1.34304199219	1.92392578125
4033.1	1.340625	1.95534667969
4035.1	1.33579101562	1.97468261719
4036.0	1.3341796875	1.94729003906
4036.1	1.33498535156	2.03107910156
4036.6	1.33740234375	1.78776855469
4036.9	1.3341796875	1.87478027344
4039.7	1.32209472656	2.101171875
4039.8	1.33015136719	2.03430175781
4040.9	1.32934570312	2.0109375
4041.9	1.33015136719	2.09069824219
4043.0	1.3341796875	2.01496582031
4043.7	1.33498535156	2.00529785156
4043.8	1.33740234375	2.00046386719
4045.4	1.33579101562	1.97307128906
4046.1	1.33498535156	2.12775878906
4049.0	1.33337402344	1.95454101562
4050.3	1.33095703125	1.95534667969
4051.6	1.32934570312	1.89653320312
4052.3	1.32531738281	2.02302246094
4052.8	1.32854003906	1.98918457031
4055.3	1.32451171875	2.21154785156
4055.6	1.33337402344	1.88767089844
4055.8	1.33337402344	1.98999023438
4055.8	1.33740234375	1.99321289062
4056.1	1.33901367187	1.95856933594
4056.5	1.33981933594	2.02866210937
4056.7	1.34384765625	1.96098632812
4060.8	1.33015136719	2.10600585937
4061.0	1.33579101562	2.08747558594
4061.3	1.33981933594	2.06008300781
4061.6	1.34304199219	2.02221679688
4061.9	1.3470703125	1.88283691406
4062.4	1.34384765625	1.68383789062
4062.9	1.33659667969	1.98354492187
4063.4	1.33579101562	1.843359375
4064.4	1.33176269531	1.97790527344
4065.1	1.33176269531	1.95534667969
4066.6	1.327734375	2.00932617187
4066.7	1.33256835937	1.90942382812
4068.3	1.32612304687	1.96179199219
4069.2	1.32612304687	2.00529785156
4069.5	1.32854003906	2.10520019531
4071.6	1.327734375	1.95454101562
4072.1	1.33015136719	2.48708496094
4072.9	1.34384765625	2.01254882812
4073.0	1.34787597656	1.90539550781
4073.3	1.3470703125	2.07861328125
4074.4	1.34545898438	2.02785644531
4076.5	1.34223632812	2.06813964844
4076.7	1.3470703125	2.02624511719
4076.9	1.34787597656	1.8626953125
4078.0	1.34223632812	2.39604492187
4078.5	1.35593261719	2.01335449219
4078.9	1.35593261719	2.07861328125
4078.9	1.36076660156	1.9658203125
4079.0	1.36076660156	2.10197753906
4080.2	1.36157226562	2.04074707031
4081.1	1.36076660156	1.94729003906
4081.4	1.36076660156	1.83852539062
4082.4	1.35673828125	1.99643554687
4082.5	1.35834960937	1.85947265625
4083.3	1.35270996094	1.9658203125
4084.5	1.34868164062	2.05847167969
4086.6	1.34626464844	2.01174316406
4087.0	1.34868164062	1.95776367188
4087.9	1.34787597656	1.98193359375
4088.7	1.34465332031	2.06572265625
4089.4	1.34626464844	1.92795410156
4092.2	1.33740234375	1.99562988281
4092.6	1.33981933594	1.99965820312
4092.7	1.34304199219	1.93278808594
4093.1	1.340625	1.8111328125
4093.3	1.33901367187	2.16481933594
4093.9	1.34465332031	1.96179199219
4094.6	1.34223632812	2.22202148437
4095.2	1.35029296875	1.95212402344
4097.9	1.34223632812	1.98435058594
4099.1	1.34143066406	1.96662597656
4099.1	1.34143066406	2.14870605469
4099.2	1.34948730469	2.19462890625
4099.4	1.35754394531	2.04235839844
4099.4	1.36318359375	2.03752441406
4099.9	1.36560058594	2.00126953125
4100.2	1.36640625	2.03107910156
4101.6	1.36398925781	1.920703125
4101.6	1.36157226562	2.13500976562
4102.0	1.36560058594	2.00207519531
4102.3	1.36640625	2.04880371094
4103.4	1.36640625	1.93520507812
4103.6	1.36640625	2.31225585938
4104.1	1.37607421875	1.98193359375
4104.9	1.37365722656	2.06975097656
4105.4	1.37446289062	1.89814453125
4105.4	1.3728515625	1.94326171875
4106.6	1.36801757812	2.11083984375
4107.0	1.37124023437	2.20107421875
4107.3	1.37768554688	2.17448730469
4107.4	1.38251953125	2.06733398437
4108.0	1.38251953125	2.07297363281
4108.8	1.38332519531	1.99079589844
4110.3	1.37768554688	1.98273925781
4110.8	1.37607421875	1.96823730469
4112.6	1.37043457031	2.02866210937
4113.0	1.36962890625	2.12131347656
4113.4	1.37446289062	1.95051269531
4113.5	1.3728515625	1.87316894531
4113.6	1.36962890625	2.22443847656
4114.2	1.37687988281	1.68625488281
4116.1	1.36076660156	1.96501464844
4118.3	1.353515625	2.03188476563
4119.6	1.35270996094	2.36704101562
4119.6	1.36640625	2.07458496094
4119.8	1.36882324219	1.97629394531
4121.0	1.36479492187	1.94245605469
4121.2	1.36479492187	2.1333984375
4121.5	1.36962890625	2.02463378906
4123.5	1.36560058594	2.09875488281
4125.0	1.36318359375	1.96098632812
4125.0	1.36398925781	2.05847167969
4125.2	1.36801757812	1.99482421875
4126.7	1.36398925781	2.0044921875
4127.1	1.36398925781	2.19704589844
4128.4	1.36882324219	1.93842773437
4128.8	1.36640625	1.93601074219
4129.5	1.36560058594	1.9916015625
4129.7	1.36640625	1.95051269531
4135.9	1.3470703125	1.84899902344
4135.9	1.34465332031	1.96420898437
4136.0	1.3470703125	2.03591308594
4139.5	1.33740234375	1.94406738281
4139.7	1.33901367187	2.12937011719
4140.5	1.34384765625	1.791796875
4142.7	1.33176269531	1.96259765625
4143.0	1.3341796875	2.00368652344
4143.7	1.3341796875	2.08344726562
4145.5	1.33256835937	1.99885253906
4145.9	1.33498535156	2.10358886719
4146.3	1.340625	1.91909179687
4148.3	1.33337402344	1.9787109375
4148.8	1.33337402344	1.80146484375
4149.2	1.33015136719	1.99240722656
4150.4	1.32854003906	2.22604980469
4150.5	1.340625	1.98918457031
4151.1	1.33901367187	0.014501953125
4151.4	1.27939453125	2.11325683594
4152.0	1.28825683594	1.95051269531
4152.8	1.28986816406	2.11245117188
4153.2	1.29711914062	2.00529785156
4153.7	1.30034179687	1.89250488281
4153.7	1.301953125	1.89733886719
4154.2	1.30275878906	1.85866699219
4154.5	1.30275878906	1.82080078125
4155.2	1.29873046875	2.08908691406
4156.6	1.30356445312	1.99079589844
4156.7	1.3083984375	1.88605957031
4158.9	1.30275878906	1.98515625
4160.3	1.30356445312	1.92231445312
4160.4	1.30356445312	2.00771484375
4161.8	1.30437011719	1.96259765625
4162.7	1.30517578125	1.98999023438
4164.0	1.30517578125	1.94245605469
4165.5	1.30437011719	2.0173828125
4165.6	1.31000976562	2.12211914062
4167.0	1.31484375	2.02543945312
4167.4	1.31645507812	2.00690917969
4169.3	1.31484375	2.02705078125
4170.0	1.31726074219	2.11325683594
4172.6	1.31726074219	1.97629394531
4172.7	1.31806640625	2.02141113281
4173.7	1.31887207031	1.8498046875
4174.2	1.31726074219	1.99079589844
4174.6	1.32048339844	1.99643554687
4175.4	1.32290039062	1.94406738281
4175.9	1.32370605469	2.06491699219
4177.0	1.32451171875	2.01577148438
4177.1	1.33015136719	1.74104003906
4177.2	1.32451171875	2.00288085937
4177.3	1.32854003906	2.07861328125
4178.2	1.33176269531	1.98999023438
4182.0	1.32209472656	1.87800292969
4183.4	1.31484375	1.88122558594
4183.5	1.31484375	2.47419433594
4183.7	1.3341796875	1.95373535156
4184.5	1.33256835937	1.72492675781
4185.2	1.32612304687	1.94326171875
4185.6	1.32531738281	1.79743652344
4185.7	1.32209472656	1.753125
4185.9	1.31887207031	1.89895019531
4186.1	1.31806640625	2.11567382812
4187.5	1.32209472656	2.07700195312
4188.7	1.32370605469	1.97468261719
4191.2	1.31726074219	1.90942382812
4191.3	1.31806640625	2.00126953125
4191.5	1.3212890625	2.10520019531
4192.7	1.32531738281	2.03107910156
4193.1	1.32854003906	2.38073730469
4193.5	1.34143066406	2.023828125
4194.1	1.34304199219	1.92553710938
4194.3	1.34143066406	1.81596679687
4195.4	1.33498535156	2.00046386719
4195.7	1.33820800781	1.77729492187
4197.4	1.32612304687	2.05766601562
4197.7	1.33095703125	1.89250488281
4197.8	1.33095703125	2.05927734375
4197.9	1.33740234375	1.93359375
4198.8	1.33579101562	1.96501464844
4199.6	1.33498535156	1.89814453125
4200.0	1.33498535156	1.85302734375
4200.1	1.33337402344	2.07136230469
4200.2	1.33659667969	2.05847167969
4200.5	1.34223632812	2.01335449219
4201.5	1.34143066406	2.08747558594
4202.2	1.34384765625	1.9658203125
4203.2	1.340625	1.98676757812
4204.9	1.33981933594	2.07216796875
4205.1	1.34143066406	1.894921875
4205.6	1.340625	2.02624511719
4207.4	1.33740234375	2.16643066406
4208.0	1.34384765625	2.01013183594
4208.5	1.34545898438	2.08989257812
4214.1	1.33176269531	2.03591308594
4215.5	1.33015136719	2.06813964844
4215.6	1.33498535156	2.47419433594
4215.8	1.353515625	2.02141113281
4216.7	1.353515625	2.01174316406
4217.1	1.35512695312	2.15192871094
4217.2	1.36157226562	2.03430175781
4217.8	1.36157226562	1.93681640625
4218.1	1.36157226562	1.9787109375
4218.7	1.3599609375	1.83933105469
4218.8	1.35834960937	1.98837890625
4220.7	1.35270996094	2.08425292969
4221.2	1.35432128906	1.9529296875
4223.4	1.34787597656	2.00046386719
4223.7	1.35109863281	1.98676757812
4224.2	1.35109863281	1.98918457031
4224.5	1.35190429687	1.87397460937
4225.0	1.34787597656	1.89733886719
4225.4	1.34626464844	1.98596191406
4227.4	1.34223632812	2.15837402344
4227.5	1.35029296875	1.84738769531
4228.6	1.34465332031	2.04719238281
4231.0	1.34143066406	1.97629394531
4234.2	1.33256835937	2.01174316406
4234.4	1.33659667969	1.87155761719
4235.2	1.33256835937	1.92634277344
4236.3	1.32854003906	2.02946777344
4236.9	1.33176269531	1.40185546875
4237.0	1.31645507812	2.15112304688
4237.5	1.32451171875	1.98757324219
4238.6	1.32370605469	1.95856933594
4239.6	1.32290039062	1.91103515625
4240.1	1.32290039062	2.18012695312
4241.3	1.32854003906	1.62421875
4243.5	1.31564941406	2.04880371094
4243.9	1.31887207031	1.90217285156
4246.4	1.31242675781	2.04155273437
4246.6	1.31887207031	1.93681640625
4247.3	1.31887207031	1.78293457031
4247.6	1.31564941406	1.82241210937
4249.4	1.3083984375	2.07136230469
4249.4	1.31484375	1.99562988281
4250.4	1.31484375	1.93762207031
4251.2	1.31645507812	2.19301757813
4251.8	1.32451171875	1.83369140625
4252.1	1.32290039062	1.95454101562
4253.3	1.32209472656	2.10681152344
4254.6	1.32451171875	2.25102539062
4256.1	1.33337402344	2.00690917969
4256.3	1.3341796875	1.95373535156
4256.5	1.33740234375	1.80710449219
4257.0	1.33176269531	1.98918457031
4257.5	1.33337402344	2.13017578125
4258.0	1.33820800781	1.87880859375
4258.3	1.33740234375	1.96984863281
4259.1	1.3341796875	1.92553710938
4260.0	1.33256835937	2.08103027344
4260.2	1.33659667969	2.08344726562
4261.7	1.33740234375	1.92875976562
4261.9	1.33579101562	2.04155273437
4262.9	1.33820800781	1.91748046875
4263.1	1.33740234375	1.59602050781
4264.0	1.32531738281	2.09230957031
4264.3	1.33256835937	1.93923339844
4264.7	1.33256835937	1.99079589844
4265.3	1.33498535156	1.78776855469
4266.4	1.32692871094	2.00529785156
4267.2	1.327734375	2.23249511719
4268.4	1.3341796875	1.7208984375
4268.8	1.32854003906	2.07941894531
4269.7	1.33015136719	1.64033203125
4270.2	1.32209472656	1.98757324219
4270.4	1.32370605469	1.99562988281
4270.5	1.32854003906	1.8755859375
4271.1	1.32531738281	2.03510742187
4272.1	1.32531738281	1.62260742187
4272.6	1.31564941406	2.06572265625
4273.9	1.31726074219	1.57990722656
4274.6	1.30678710937	1.84174804687
4275.4	1.30437011719	1.76762695312
4276.8	1.29631347656	1.8369140625
4278.1	1.29389648437	1.77648925781
4279.0	1.2890625	1.81999511719
4279.1	1.28745117187	1.95695800781
4279.3	1.29228515625	2.03430175781
4279.4	1.29873046875	1.94567871094
4280.2	1.30034179687	1.93520507812
4280.3	1.30275878906	2.13098144531
4281.8	1.30598144531	2.08425292969
4283.1	1.30759277344	2.01013183594
4283.3	1.31323242188	2.38234863281
4283.7	1.327734375	1.84658203125
4284.0	1.32451171875	1.85141601562
4285.2	1.31967773437	1.81999511719
4286.1	1.31484375	2.26713867187
4287.4	1.32451171875	1.99965820312
4288.9	1.32209472656	2.04074707031
4289.0	1.32934570312	1.96904296875
4292.2	1.32048339844	2.05847167969
4293.3	1.32290039062	2.05524902344
4294.3	1.32451171875	1.97307128906
4297.4	1.31645507812	1.88444824219
4298.2	1.31484375	2.05847167969
4298.9	1.31887207031	2.05847167969
4303.5	1.31000976562	2.0302734375
4304.1	1.31323242188	2.01818847656
4305.4	1.31564941406	2.0818359375
4305.5	1.32048339844	1.72492675781
4306.7	1.31000976562	2.25344238281
4308.3	1.31887207031	2.03107910156
4309.4	1.31806640625	1.94809570312
4310.6	1.31726074219	1.87800292969
4310.8	1.31645507812	2.06008300781
4311.7	1.31967773437	2.12856445313
4312.1	1.32612304687	1.86350097656
4314.7	1.31726074219	1.96984863281
4314.8	1.31806640625	2.04880371094
4315.3	1.32290039062	1.99885253906
4315.4	1.327734375	1.80227050781
4316.2	1.32209472656	2.01496582031
4316.3	1.32692871094	2.04477539062
4316.3	1.33176269531	1.972265625
4317.4	1.32934570312	2.09633789063
4318.5	1.3341796875	1.98596191406
4318.6	1.33659667969	2.0302734375
4319.7	1.33498535156	1.81999511719
4320.8	1.33015136719	1.86511230469
4322.3	1.32209472656	1.93359375
4323.4	1.32290039062	1.48806152344
4324.0	1.31000976562	1.96501464844
4324.9	1.31000976562	1.98837890625
4326.5	1.30920410156	1.99321289062
4326.6	1.31242675781	1.83046875
4328.4	1.30678710937	2.00046386719
4330.5	1.30598144531	1.96098632812
4330.5	1.3083984375	1.94890136719
4331.6	1.30759277344	1.946484375
4332.2	1.31162109375	1.94567871094
4334.9	1.30437011719	2.06652832031
4334.9	1.31162109375	1.65805664062
4335.9	1.30034179687	1.96340332031
4336.1	1.30356445312	2.04558105469
4336.6	1.31000976562	1.59118652344
4339.6	1.29147949219	2.06491699219
4339.8	1.29792480469	1.93923339844
4340.2	1.30034179687	1.7982421875
4341.0	1.29631347656	2.00288085937
4343.4	1.29389648437	2.16079101563
4343.8	1.30517578125	2.02463378906
4344.0	1.3083984375	2.19221191406
4344.2	1.31887207031	2.37912597656
4344.9	1.33176269531	2.14226074219
4345.0	1.33981933594	2.2171875
4345.0	1.35109863281	1.89895019531
4345.1	1.34868164062	2.00852050781
4345.4	1.35029296875	2.06169433594
4345.5	1.35432128906	2.03269042969
4346.7	1.35432128906	2.06572265625
4346.9	1.35593261719	1.93198242187
4348.3	1.35190429687	2.04396972656
4349.3	1.35109863281	2.24458007812
4349.8	1.36076660156	2.02302246094
4350.2	1.36318359375	1.9142578125
4350.2	1.36157226562	2.01174316406
4351.3	1.3599609375	2.04074707031
4352.4	1.36157226562	2.03188476563
4353.3	1.35915527344	1.86511230469
4355.0	1.35109863281	1.58151855469
4356.8	1.3341796875	2.03591308594
4357.5	1.33659667969	2.27841796875
4358.0	1.34545898438	2.14467773438
4360.8	1.34465332031	1.96340332031
4361.4	1.34304199219	1.93359375
4362.5	1.34223632812	2.07136230469
4363.7	1.34143066406	2.05686035156
4365.0	1.34223632812	2.00771484375
4365.0	1.34465332031	2.07458496094
4365.2	1.35029296875	1.98032226562
4368.1	1.33901367187	1.84899902344
4368.6	1.33740234375	1.85061035156
4368.8	1.3341796875	1.9787109375
4370.2	1.33256835937	2.00288085937
4370.6	1.33337402344	1.75876464844
4372.0	1.32451171875	2.01818847656
4372.0	1.32854003906	1.92956542969
4372.0	1.32934570312	1.96501464844
4372.2	1.33095703125	2.00207519531
4372.6	1.33337402344	2.06088867187
4373.5	1.33740234375	1.98112792969
4373.8	1.33659667969	2.06169433594
4374.1	1.340625	1.84013671875
4374.6	1.33740234375	1.92231445312
4378.9	1.32531738281	1.94406738281
4379.5	1.32451171875	2.12775878906
4380.5	1.32854003906	2.01899414062
4380.6	1.3341796875	2.01174316406
4381.6	1.33337402344	2.19301757813
4382.7	1.340625	1.86188964844
4383.3	1.33659667969	2.09553222656
4383.3	1.34304199219	1.88041992187
4384.7	1.3341796875	1.92150878906
4386.5	1.32934570312	1.96018066406
4386.9	1.33015136719	1.88122558594
4387.6	1.32612304687	2.03913574219
4387.7	1.33256835937	2.21315917969
4389.3	1.33659667969	1.78293457031
4389.4	1.3341796875	1.87075195312
4389.7	1.33176269531	1.97548828125
4390.4	1.33095703125	1.96904296875
4390.6	1.33095703125	2.06411132813
4390.6	1.33740234375	1.83852539062
4390.8	1.33498535156	2.06330566406
4390.9	1.33981933594	1.98918457031
4391.2	1.34223632812	2.00126953125
4391.9	1.34223632812	1.99079589844
4392.5	1.34223632812	2.09875488281
4394.2	1.34304199219	1.98112792969
4394.6	1.34223632812	2.01577148438
4394.7	1.34626464844	1.81838378906
4395.2	1.340625	1.93520507812
4397.9	1.33337402344	2.01657714844
4399.0	1.33498535156	1.99643554687
4399.3	1.33579101562	1.94567871094
4400.1	1.33579101562	1.90539550781
4400.1	1.33579101562	2.0044921875
4401.7	1.33498535156	2.07861328125
4403.1	1.33337402344	2.02543945312
4404.0	1.3341796875	2.16159667969
4404.0	1.34304199219	2.04396972656
4404.2	1.3470703125	2.04719238281
4404.7	1.35190429687	2.08586425781
4404.9	1.35512695312	1.91748046875
4405.8	1.35029296875	2.10842285156
4406.1	1.35593261719	2.04880371094
4406.6	1.35754394531	2.06330566406
4407.3	1.35834960937	1.91989746094
4409.2	1.35190429687	1.76359863281
4409.6	1.34465332031	1.61455078125
4411.3	1.33095703125	2.09069824219
4411.4	1.33659667969	2.03430175781
4411.4	1.33901367187	2.11003417969
4413.3	1.33901367187	2.20590820312
4413.6	1.3470703125	1.79421386719
4413.6	1.34304199219	2.00046386719
4413.8	1.3470703125	1.81354980469
4414.2	1.340625	1.9271484375
4415.0	1.33901367187	2.14548339844
4415.4	1.34626464844	2.06813964844
4415.7	1.34868164062	1.89814453125
4416.5	1.3470703125	2.06733398437
4416.9	1.34787597656	2.01013183594
4417.3	1.34868164062	2.10197753906
4417.4	1.35593261719	1.98435058594
4417.5	1.35432128906	1.88364257812
4418.2	1.35109863281	2.05847167969
4419.7	1.35190429687	1.94809570312
4419.9	1.353515625	1.99562988281
4420.9	1.35029296875	1.99885253906
4422.5	1.34787597656	1.76359863281
4422.7	1.34223632812	1.67980957031
4424.4	1.32854003906	2.075390625
4424.5	1.33337402344	1.92875976562
4426.4	1.32854003906	1.75795898437
4427.4	1.31967773437	2.02141113281
4429.2	1.31887207031	1.95051269531
4429.3	1.32370605469	2.03591308594
4429.5	1.32692871094	1.98515625
4429.6	1.33015136719	2.02543945312
4430.1	1.33095703125	1.8369140625
4432.5	1.32290039062	2.08666992188
4432.5	1.327734375	2.07458496094
4434.2	1.32692871094	1.88203125
4434.6	1.32612304687	2.01657714844
4434.7	1.33095703125	2.01416015625
4434.9	1.33579101562	1.98435058594
4435.0	1.33579101562	2.07700195312
4435.5	1.33820800781	1.99482421875
4436.9	1.33740234375	2.00126953125
4437.8	1.33820800781	1.94406738281
4437.8	1.340625	1.998046875
4438.0	1.34143066406	1.89895019531
4439.1	1.33740234375	1.88605957031
4440.2	1.33498535156	1.92634277344
4441.0	1.33256835937	1.93520507812
4441.5	1.3341796875	1.99240722656
4441.5	1.33579101562	2.03752441406
4442.4	1.33981933594	2.03591308594
4443.2	1.340625	2.04396972656
4443.6	1.34465332031	1.8626953125
4445.1	1.33579101562	1.80549316406
4445.8	1.33095703125	2.08344726562
4447.3	1.33015136719	1.95454101562
4447.4	1.3341796875	1.97629394531
4448.3	1.33176269531	2.20187988281
4449.0	1.33901367187	1.99965820312
4451.6	1.33337402344	2.08908691406
4453.6	1.33256835937	2.01013183594
4453.6	1.33740234375	1.9013671875
4454.4	1.33498535156	1.894921875
4456.6	1.32612304687	2.12775878906
4458.7	1.32612304687	1.894921875
4461.9	1.31645507812	1.93359375
4462.5	1.31887207031	1.89733886719
4462.6	1.31967773437	1.82805175781
4463.0	1.31645507812	2.02141113281
4463.5	1.31806640625	1.91264648437
4465.1	1.31484375	1.91748046875
4466.0	1.31403808594	2.08425292969
4469.5	1.30920410156	2.08103027344
4470.6	1.31000976562	2.04155273437
4470.8	1.31645507812	2.03752441406
4471.2	1.32290039062	1.91264648437
4471.6	1.32209472656	1.91909179687
4472.2	1.32048339844	1.72976074219
4475.4	1.30759277344	2.1076171875
4475.4	1.31645507812	2.11083984375
4476.6	1.31806640625	1.93520507812
4476.6	1.3212890625	2.00368652344
4477.0	1.32370605469	2.20026855469
4478.0	1.33015136719	1.91748046875
4478.6	1.33095703125	1.99321289062
4479.1	1.33095703125	2.14709472656
4480.7	1.33498535156	1.77971191406
4480.9	1.33176269531	2.01818847656
4481.2	1.33337402344	2.12373046875
4481.6	1.340625	2.05927734375
4482.6	1.340625	1.88122558594
4482.8	1.33820800781	2.02624511719
4483.3	1.34143066406	2.01577148438
4483.8	1.34223632812	2.10681152344
4484.0	1.34787597656	2.20751953125
4484.8	1.353515625	1.99401855469
4486.4	1.35029296875	1.88283691406
4488.1	1.34384765625	2.05444335938
4490.4	1.340625	2.24538574219
4490.4	1.35190429687	1.98676757812
4490.7	1.353515625	2.06008300781
4490.9	1.35915527344	2.01979980469
4491.4	1.35834960937	1.99885253906
4491.9	1.35915527344	1.85302734375
4492.2	1.35593261719	2.09069824219
4492.8	1.35834960937	2.05766601562
4493.7	1.3599609375	1.66208496094
4494.9	1.34626464844	1.91667480469
4495.8	1.34465332031	2.07941894531
4495.8	1.34868164062	1.998046875
4496.5	1.34868164062	2.07780761719
4496.8	1.35109863281	1.77568359375
4497.0	1.34545898438	1.95856933594
4497.3	1.34545898438	2.26149902344
4497.5	1.35593261719	1.98193359375
4498.1	1.35432128906	2.02221679688
4499.8	1.35109863281	2.04558105469
4501.4	1.35029296875	2.33239746094
4502.6	1.35834960937	2.0044921875
4502.7	1.36076660156	1.90700683594
4503.2	1.35754394531	1.95454101562
4503.6	1.35673828125	1.82321777344
4503.8	1.35270996094	2.03188476563
4504.2	1.35593261719	2.03430175781
4504.4	1.35673828125	2.07619628906
4505.7	1.35512695312	2.00368652344
4505.9	1.35673828125	1.86108398438
4506.1	1.353515625	1.98273925781
4506.4	1.35512695312	1.99401855469
4506.5	1.35512695312	2.06330566406
4506.6	1.35834960937	1.94890136719
4507.8	1.35593261719	1.93842773437
4508.5	1.35432128906	2.08505859375
4510.0	1.35432128906	1.8884765625
4510.7	1.35029296875	2.12534179687
4510.7	1.35754394531	3.29919433594
4510.7	1.40749511719	3.29919433594
4510.7	1.45261230469	1.92231445312
4511.5	1.44133300781	2.02221679688
4512.4	1.43569335937	2.17932128906
4512.9	1.43649902344	1.88122558594
4513.2	1.42844238281	2.06652832031
4515.3	1.42119140625	1.93601074219
4515.7	1.41716308594	2.01335449219
4516.1	1.41474609375	1.95695800781
4517.7	1.40910644531	1.97790527344
4518.0	1.40427246094	1.96501464844
4518.7	1.39943847656	1.95051269531
4518.7	1.40024414062	2.04235839844
4519.6	1.39782714844	1.9400390625
4519.8	1.39782714844	1.9529296875
4520.4	1.39379882812	2.11728515625
4520.6	1.39702148437	2.02705078125
4521.0	1.39702148437	1.73137207031
4524.4	1.37768554688	1.92473144531
4525.9	1.37043457031	2.15998535156
4528.5	1.36882324219	2.04558105469
4528.8	1.37043457031	2.0689453125
4529.4	1.37124023437	2.02785644531
4529.9	1.37204589844	1.94406738281
4530.2	1.37124023437	1.96259765625
4530.4	1.37204589844	1.98918457031
4531.4	1.36882324219	1.96018066406
4532.7	1.36560058594	1.98999023438
4533.8	1.36237792969	1.93439941406
4533.9	1.36479492187	2.08505859375
4534.0	1.36721191406	1.89733886719
4534.1	1.36398925781	2.09875488281
4536.2	1.36157226562	2.08264160156
4536.5	1.36398925781	1.98435058594
4536.8	1.36318359375	2.0044921875
4536.9	1.36479492187	1.86591796875
4536.9	1.36237792969	2.00610351562
4538.9	1.35673828125	1.96018066406
4542.7	1.34465332031	2.12453613281
4542.9	1.35029296875	2.1076171875
4544.1	1.35190429687	2.08022460938
4545.8	1.34948730469	2.10842285156
4546.3	1.353515625	2.16723632812
4546.4	1.36157226562	1.97790527344
4547.6	1.35593261719	2.09230957031
4548.4	1.35834960937	1.52915039062
4554.3	1.32934570312	2.05122070312
4554.5	1.3341796875	1.86833496094
4555.3	1.33015136719	1.93923339844
4555.5	1.33256835937	1.99643554687
4555.6	1.3341796875	1.98435058594
4555.6	1.33740234375	1.69672851562
4556.0	1.327734375	2.04558105469
4558.4	1.327734375	1.946484375
4560.0	1.32531738281	1.91586914062
4560.8	1.32370605469	1.97387695312
4560.9	1.32370605469	1.83208007812
4561.7	1.3212890625	1.91264648437
4561.9	1.32370605469	1.92634277344
4562.1	1.32370605469	1.85141601562
4562.9	1.31967773437	1.97548828125
4563.0	1.32290039062	2.10197753906
4563.0	1.33015136719	2.01899414062
4563.6	1.33095703125	1.9787109375
4565.5	1.32612304687	1.96259765625
4565.6	1.327734375	1.84819335937
4566.5	1.32612304687	1.98435058594
4567.0	1.32451171875	1.85866699219
4568.5	1.31887207031	1.96018066406
4568.7	1.3212890625	1.94326171875
4568.9	1.32370605469	2.11970214844
4569.2	1.33015136719	1.91506347656
4569.4	1.33176269531	2.05766601562
4569.7	1.33498535156	1.97307128906
4570.0	1.33579101562	1.82482910156
4570.1	1.33256835937	1.94809570312
4570.2	1.33498535156	1.99885253906
4571.5	1.33337402344	2.01174316406
4571.6	1.33740234375	2.06733398437
4571.6	1.34223632812	2.04235839844
4572.0	1.34787597656	2.09392089844
4572.5	1.35190429687	2.09392089844
4573.2	1.35432128906	2.00529785156
4573.6	1.35432128906	2.02060546875
4575.1	1.353515625	1.95051269531
4576.0	1.34948730469	1.93117675781
4577.3	1.34626464844	1.81677246094
4579.1	1.33579101562	1.89008789062
4581.9	1.32692871094	2.25988769531
4582.7	1.33579101562	1.88525390625
4583.3	1.33498535156	1.60568847656
4584.0	1.32370605469	1.97709960937
4587.1	1.31564941406	2.44357910156
4589.8	1.32451171875	2.281640625
4590.3	1.3341796875	1.91828613281
4591.9	1.32934570312	2.02463378906
4593.9	1.327734375	1.99079589844
4595.4	1.32612304687	2.12211914062
4598.3	1.32531738281	2.02624511719
4598.8	1.32612304687	1.80710449219
4600.7	1.31806640625	1.9658203125
4602.4	1.31484375	1.78212890625
4603.1	1.31081542969	1.77568359375
4603.4	1.30759277344	2.01416015625
4604.0	1.31081542969	1.98112792969
4604.1	1.31323242188	2.01174316406
4605.6	1.31242675781	1.96662597656
4608.6	1.30678710937	1.99079589844
4608.7	1.31000976562	2.16401367187
4610.2	1.31484375	1.85222167969
4611.3	1.31162109375	1.87880859375
4611.3	1.31081542969	1.94406738281
4611.5	1.31323242188	1.79421386719
4611.9	1.31000976562	2.08022460938
4612.2	1.31645507812	1.98918457031
4612.7	1.31887207031	1.96743164062
4613.2	1.31967773437	1.94165039062
4613.6	1.31967773437	1.98757324219
4614.1	1.32290039062	2.01174316406
4614.1	1.32934570312	2.07861328125
4615.5	1.327734375	1.97548828125
4616.8	1.32531738281	1.998046875
4617.2	1.32934570312	1.83208007812
4617.3	1.327734375	2.02060546875
4617.7	1.32934570312	2.11970214844
4618.2	1.33498535156	2.12937011719
4618.7	1.340625	2.02785644531
4619.5	1.340625	1.93278808594
4619.6	1.34223632812	1.77729492187
4620.0	1.3341796875	1.93037109375
4621.6	1.33095703125	1.97145996094
4621.7	1.33256835937	1.93520507812
4623.1	1.33015136719	2.24377441406
4624.1	1.33740234375	1.91909179687
4624.2	1.33820800781	2.22766113281
4624.8	1.3470703125	1.96018066406
4625.3	1.34626464844	1.88203125
4625.4	1.34465332031	2.29775390625
4625.9	1.35512695312	2.18737792969
4626.5	1.3599609375	2.13903808594
4626.5	1.36560058594	1.87800292969
4628.5	1.35593261719	1.98596191406
4629.4	1.35432128906	1.98918457031
4629.4	1.35673828125	1.96743164062
4630.2	1.35432128906	1.88283691406
4630.4	1.353515625	2.03269042969
4630.5	1.35593261719	2.03913574219
4630.7	1.3599609375	2.08586425781
4630.8	1.36237792969	2.13098144531
4631.2	1.36640625	1.89169921875
4632.4	1.36237792969	2.02141113281
4632.7	1.36398925781	1.97548828125
4634.4	1.35593261719	2.02866210937
4634.8	1.35834960937	1.82885742188
4635.7	1.35190429687	2.07055664062
4636.5	1.35190429687	2.01496582031
4637.8	1.35190429687	2.02302246094
4638.2	1.35270996094	2.11567382812
4639.3	1.35593261719	1.76279296875
4639.5	1.34948730469	1.98596191406
4640.7	1.34626464844	2.02785644531
4641.0	1.35029296875	1.972265625
4645.1	1.33579101562	1.96501464844
4646.5	1.33337402344	2.31708984375
4647.4	1.34223632812	1.91103515625
4647.7	1.34304199219	1.75554199219
4648.1	1.33579101562	2.07780761719
4650.0	1.3341796875	2.13098144531
4651.3	1.33659667969	2.05444335938
4651.6	1.34223632812	2.023828125
4651.6	1.34465332031	1.85061035156
4654.8	1.33337402344	1.94890136719
4655.5	1.33337402344	1.88686523437
4657.6	1.32531738281	2.03913574219
4658.4	1.32934570312	1.99401855469
4658.9	1.33256835937	2.11889648438
4659.0	1.33901367187	2.17609863281
4659.2	1.34626464844	1.91989746094
4660.7	1.340625	1.88686523437
4662.0	1.33498535156	1.91184082031
4662.8	1.33337402344	2.00932617187
4664.0	1.33256835937	2.00288085937
4665.6	1.33095703125	2.26794433594
4666.4	1.33981933594	1.73056640625
4667.3	1.3341796875	1.96984863281
4667.8	1.33256835937	2.23249511719
4668.3	1.34223632812	1.88605957031
4668.4	1.34223632812	2.02141113281
4668.6	1.34304199219	2.21315917969
4670.0	1.34787597656	1.96501464844
4670.5	1.34868164062	1.97790527344
4671.4	1.34465332031	1.91989746094
4672.5	1.34143066406	2.09392089844
4672.9	1.34626464844	2.06330566406
4673.3	1.34868164062	2.15676269531
4673.6	1.35673828125	2.06169433594
4673.9	1.35915527344	2.09714355469
4674.0	1.36398925781	1.96420898437
4674.2	1.36318359375	1.95454101562
4674.4	1.36398925781	2.02543945312
4676.5	1.35834960937	2.3267578125
4679.3	1.36076660156	1.97951660156
4680.4	1.35673828125	2.13098144531
4682.0	1.35673828125	1.91989746094
4683.3	1.353515625	1.80227050781
4685.5	1.340625	2.11647949219
4687.2	1.34223632812	1.90861816406
4690.0	1.33337402344	1.9529296875
4691.2	1.33256835937	2.05524902344
4692.4	1.3341796875	1.85061035156
4692.7	1.33015136719	1.97790527344
4693.2	1.33095703125	1.88686523437
4693.5	1.33176269531	1.94084472656
4694.1	1.33176269531	1.94487304687
4695.0	1.33015136719	1.5791015625
4695.1	1.32209472656	2.06088867187
4695.6	1.32531738281	1.98193359375
4696.1	1.32612304687	1.85383300781
4697.4	1.3212890625	2.0947265625
4697.8	1.32612304687	1.90458984375
4699.0	1.32290039062	1.88283691406
4699.5	1.32209472656	2.25988769531
4699.7	1.3341796875	1.88122558594
4701.0	1.327734375	1.97790527344
4701.8	1.32854003906	1.90700683594
4701.9	1.327734375	2.12292480469
4702.1	1.3341796875	1.91586914062
4702.9	1.33337402344	2.05363769531
4703.9	1.3341796875	1.90861816406
4705.2	1.33176269531	1.99321289062
4705.3	1.3341796875	1.94326171875
4705.8	1.3341796875	1.89572753906
4706.8	1.33256835937	2.06652832031
4707.1	1.33498535156	2.02543945312
4708.7	1.33337402344	1.89572753906
4709.4	1.33095703125	1.99482421875
4710.6	1.33095703125	2.03269042969
4711.4	1.33256835937	2.07216796875
4712.1	1.3341796875	2.01979980469
4712.7	1.33659667969	2.01174316406
4714.0	1.33740234375	1.77165527344
4715.7	0.663061523437	0.98291015625
4717.1	2.93422851562	2.05122070312
4717.7	1.32612304687	1.77326660156
4718.0	1.31967773437	1.97145996094
4718.6	1.3212890625	2.03591308594
4718.7	1.32612304687	2.01496582031
4719.9	1.32451171875	1.84416503906
4721.8	1.31806640625	1.95051269531
4722.1	1.31967773437	1.95131835937
4723.4	1.32048339844	2.22846679687
4723.7	1.33015136719	1.96018066406
4724.1	1.32934570312	1.920703125
4724.7	1.32854003906	2.01496582031
4724.9	1.33256835937	2.11164550781
4726.5	1.33256835937	1.91103515625
4726.9	1.33256835937	1.92150878906
4728.6	1.327734375	1.83208007812
4728.7	1.327734375	1.96420898437
4729.1	1.327734375	2.05041503906
4729.2	1.33256835937	2.00690917969
4730.6	1.33176269531	2.06411132813
4731.0	1.33498535156	1.98837890625
4731.4	1.33740234375	2.15031738281
4732.6	1.33337402344	1.92875976562
4732.6	1.33337402344	2.07136230469
4733.3	1.33579101562	2.00771484375
4733.4	1.33901367187	2.00207519531
4733.8	1.327734375	2.01657714844
4736.7	0.059619140625	2.09069824219
4736.9	0.059619140625	1.766015625
4737.1	2.76423339844	1.92231445312
4737.9	2.83190917969	1.96501464844
4738.6	0.059619140625	1.95534667969
4739.5	2.66997070312	1.92553710938
4740.7	0.059619140625	2.06169433594
4741.0	0.059619140625	1.85061035156
4741.1	0.059619140625	2.01496582031
4741.2	0.059619140625	1.96098632812
4744.5	0.059619140625	1.93278808594
4744.5	0.059619140625	2.07136230469
4745.2	0.059619140625	2.01899414062
4745.3	0.059619140625	1.87800292969
4746.2	0.059619140625	1.87880859375
4746.5	0.059619140625	1.72170410156
4748.0	0.059619140625	2.08666992188
4750.8	2.95678710938	2.11325683594
4752.2	2.76020507812	1.87880859375
4755.3	0.059619140625	2.2171875
4756.4	2.84479980469	2.02624511719
4756.6	0.059619140625	1.64033203125
4757.7	0.059619140625	1.76843261719
4758.5	2.72958984375	1.92231445312
4758.7	2.91247558594	1.95212402344
4759.4	0.059619140625	2.11003417969
4761.4	2.57731933594	1.63227539062
4761.9	2.92778320312	2.07055664062
4762.7	2.84077148437	1.95695800781
4763.0	0.059619140625	2.31628417969
4764.2	0.059619140625	2.00529785156
4764.3	0.059619140625	2.06652832031
4764.8	0.059619140625	1.99562988281
4765.0	0.059619140625	2.04235839844
4765.0	2.80693359375	1.92634277344
4766.3	0.059619140625	1.7724609375
4767.0	0.059619140625	1.98354492187
4767.2	0.059619140625	1.94245605469
4767.8	0.0604248046875	1.57749023437
4767.9	0.059619140625	1.99321289062
4768.0	2.77631835937	2.04155273437
4768.2	2.91892089844	1.9142578125
4768.5	0.059619140625	2.04638671875
4769.1	0.059619140625	1.96259765625
4769.2	0.0604248046875	1.80307617187
4769.6	0.059619140625	2.04396972656
4771.0	2.70300292969	1.93037109375
4771.1	2.72314453125	1.92795410156
4771.3	2.80209960937	1.97790527344
4771.9	2.74489746094	1.98354492187
4773.0	0.059619140625	2.19624023437
4773.9	2.89797363281	2.02624511719
4774.0	2.66997070312	1.91586914062
4774.2	2.91892089844	2.05202636719
4774.4	0.059619140625	2.02141113281
4774.6	2.62485351562	1.88283691406
4775.6	0.059619140625	1.9400390625
4775.9	0.059619140625	1.87316894531
4776.8	2.79968261719	1.98515625
4776.8	0.059619140625	1.74506835937
4777.9	0.059619140625	1.94567871094
4778.0	0.059619140625	2.11889648438
4778.2	2.93181152344	1.93037109375
4779.1	0.059619140625	2.03349609375
4780.3	0.059619140625	1.95856933594
4781.9	0.059619140625	2.01174316406
4782.0	3.01479492187	2.00207519531
4782.0	0.059619140625	2.43068847656
4783.2	2.91730957031	2.0560546875
4783.5	0.059619140625	2.13178710937
4783.8	3.05346679688	1.96098632812
4783.9	0.059619140625	2.09150390625
4785.8	0.059619140625	1.99079589844
4786.4	2.80129394531	1.78937988281
4787.3	2.98901367188	2.09392089844
4787.8	2.75456542969	2.08103027344
4789.2	0.059619140625	2.09956054687
4789.2	0.059619140625	1.64758300781
4789.2	0.059619140625	2.230078125
4792.9	0.059619140625	2.06572265625
4793.1	0.0588134765625	2.21879882812
4793.3	0.0588134765625	2.04074707031
4794.3	0.0588134765625	2.07377929687
4795.0	0.059619140625	2.15837402344
4795.8	0.0588134765625	1.92312011719
4795.9	0.059619140625	1.87316894531
4796.3	0.0588134765625	2.18898925781
4797.9	0.0588134765625	2.03349609375
4798.2	0.059619140625	2.17932128906
4800.4	0.059619140625	1.85866699219
4801.0	2.85607910156	1.99643554687
4801.6	2.92939453125	2.04235839844
4802.1	0.059619140625	2.03430175781
4803.9	0.059619140625	1.80952148437
4804.9	2.91569824219	1.98354492187
4805.8	2.49030761719	1.67497558594
4806.1	0.059619140625	2.06975097656
4806.5	0.0588134765625	1.94970703125
4807.3	2.50319824219	1.71525878906
4807.5	0.059619140625	1.93278808594
4807.6	2.83432617187	1.97065429687
4808.9	0.059619140625	1.93439941406
4809.4	0.059619140625	2.00126953125
4809.5	0.059619140625	2.02705078125
4809.8	2.86333007812	2.04799804688
4810.1	0.059619140625	1.60971679687
4810.1	2.55717773437	2.09069824219
4810.4	0.059619140625	2.10922851562
4810.6	2.75778808594	1.80710449219
4812.4	0.059619140625	1.95454101562
4813.9	0.059619140625	2.06008300781
4814.0	2.35817871094	1.73298339844
4814.6	2.67158203125	1.81838378906
4816.5	0.059619140625	1.87478027344
4817.4	0.0588134765625	1.92312011719
4817.9	0.0588134765625	2.02866210937
4819.9	0.059619140625	1.9916015625
4820.1	0.059619140625	1.96743164062
4821.3	0.059619140625	2.06088867187
4822.1	2.52172851562	1.86027832031
4823.8	0.059619140625	1.98193359375
4824.6	0.059619140625	1.80307617187
4824.9	0.059619140625	1.92473144531
4826.2	0.059619140625	1.95454101562
4826.8	0.0588134765625	2.00288085937
4827.7	2.87702636719	2.06169433594
4829.6	0.059619140625	2.01013183594
4830.8	0.0588134765625	1.9916015625
4831.4	2.77229003906	1.91022949219
4831.5	2.51286621094	1.78776855469
4831.6	0.059619140625	2.07619628906
4833.1	0.059619140625	2.02141113281
4833.5	0.059619140625	2.02785644531
4835.1	0.059619140625	1.89733886719
4837.3	0.059619140625	2.10842285156
4838.4	0.0588134765625	2.00046386719
4838.8	0.059619140625	2.02624511719
4838.9	0.0588134765625	1.98435058594
4840.6	2.83352050781	2.06572265625
4840.7	2.93181152344	2.02785644531
4841.7	2.85769042969	1.87075195312
4841.8	0.0588134765625	2.01335449219
4842.0	0.059619140625	1.86672363281
4842.3	0.0588134765625	2.01254882812
4842.5	0.0588134765625	1.93923339844
4843.3	0.059619140625	2.08828125
4844.9	2.65063476562	2.12534179687
4845.1	0.0588134765625	2.18576660156
4845.4	2.98981933594	2.0109375
4848.9	0.0588134765625	1.97468261719
4849.1	0.059619140625	2.27438964844
4849.3	3.00432128906	2.04799804688
4849.3	0.0588134765625	2.17932128906
4849.8	0.0588134765625	1.94567871094
4850.2	0.059619140625	2.02866210937
4850.5	0.059619140625	2.00690917969
4851.2	2.78679199219	1.99079589844
4851.6	0.059619140625	1.94890136719
4852.8	0.059619140625	1.91909179687
4853.8	2.84479980469	1.83208007812
4855.6	2.71267089844	1.98596191406
4855.7	2.79162597656	1.82644042969
4856.2	0.059619140625	2.05122070312
4857.3	0.0588134765625	2.0109375
4858.1	0.059619140625	1.96904296875
4858.9	0.059619140625	1.96259765625
4859.9	0.0588134765625	1.88686523437
4860.3	0.0588134765625	1.97790527344
4864.0	0.0588134765625	2.01013183594
4864.1	0.059619140625	1.88605957031
4866.2	0.059619140625	1.99562988281
4866.3	0.059619140625	2.04477539062
4867.1	0.059619140625	1.74748535156
4867.6	0.0588134765625	2.16965332031
4872.0	0.059619140625	2.03752441406
4872.9	0.0588134765625	2.22604980469
4873.0	0.059619140625	1.72170410156
4873.6	2.66513671875	1.90217285156
4874.9	0.059619140625	1.98193359375
4875.8	0.059619140625	2.02141113281
4877.4	0.059619140625	1.51545410156
4877.8	2.71508789062	1.9013671875
4878.1	0.059619140625	1.766015625
4878.9	2.93100585937	2.04719238281
4879.7	0.059619140625	2.04074707031
4879.7	0.059619140625	2.03833007812
4880.0	0.059619140625	1.86350097656
4880.1	0.059619140625	1.95373535156
4880.7	0.059619140625	1.80629882812
4880.9	0.059619140625	1.92150878906
4883.0	0.0588134765625	2.06572265625
4883.5	0.059619140625	2.14870605469
4883.8	0.0588134765625	2.04638671875
4883.9	0.059619140625	1.87639160156
4884.0	0.059619140625	1.96179199219
4884.4	0.0588134765625	2.16401367187
4884.6	0.059619140625	2.06733398437
4886.7	0.059619140625	2.00207519531
4886.9	0.059619140625	2.20832519531
4887.3	2.21235351562	2.12211914062
4888.3	3.06071777344	2.05363769531
4888.4	0.059619140625	2.09311523437
4888.5	0.059619140625	1.7595703125
4889.8	2.76342773438	1.95615234375
4890.0	0.059619140625	1.88041992187
4890.1	0.059619140625	2.00852050781
4890.3	0.059619140625	1.70397949219
4890.4	0.0588134765625	2.00368652344
4890.9	3.04460449219	2.00610351562
4892.7	0.059619140625	2.16965332031
4893.4	0.059619140625	1.959375
4893.6	0.059619140625	1.98676757812
4893.9	2.13903808594	2.48386230469
4894.3	0.0588134765625	1.9916015625
4895.6	3.00432128906	2.01496582031
4895.6	0.059619140625	2.10278320312
4896.3	0.059619140625	1.95454101562
4900.5	2.53864746094	1.766015625
4900.7	0.0580078125	2.11970214844
4902.3	0.059619140625	1.72734375
4903.8	2.83674316406	1.998046875
4903.8	0.0588134765625	1.95051269531
4903.9	0.059619140625	2.02946777344
4904.5	0.059619140625	1.99401855469
4904.7	2.78679199219	1.86350097656
4904.8	3.04138183594	2.101171875
4905.4	0.059619140625	1.94084472656
4905.6	2.88669433594	1.93278808594
4906.8	2.7392578125	1.98837890625
4907.5	0.059619140625	1.95856933594
4909.9	0.059619140625	2.07458496094
4910.5	0.0588134765625	1.86752929687
4910.6	0.059619140625	1.76359863281
4913.8	2.84802246094	2.03752441406
4914.7	2.51125488281	1.99562988281
4914.7	0.0588134765625	2.05283203125
4917.8	2.65224609375	2.08747558594
4919.1	2.83754882812	1.86672363281
4919.4	2.89152832031	2.10439453125
4921.1	0.059619140625	1.972265625
4921.7	2.74006347656	1.97468261719
4922.0	0.059619140625	2.16965332031
4922.4	0.059619140625	2.06411132813
4922.5	0.0588134765625	1.90620117187
4923.3	0.059619140625	1.99724121094
4923.4	0.059619140625	1.98515625
4924.2	3.11872558594	1.95856933594
4924.4	2.25102539062	1.89008789062
4925.0	2.85285644531	1.90056152344
4925.0	0.059619140625	2.04477539062
4925.1	0.059619140625	2.03913574219
4925.7	0.0588134765625	2.05041503906
4927.0	0.059619140625	1.88767089844
4927.1	0.059619140625	1.58151855469
4927.4	0.059619140625	1.99643554687
4928.0	0.059619140625	1.82805175781
4928.1	0.0588134765625	1.87478027344
4929.4	0.059619140625	1.791796875
4929.5	2.87058105469	1.95051269531
4929.7	0.059619140625	2.03752441406
4930.1	2.62565917969	2.36381835937
4930.1	2.59020996094	2.333203125
4930.9	2.84641113281	2.04638671875
4931.3	0.059619140625	1.96823730469
4931.3	0.059619140625	2.13984375
4932.0	2.80612792969	2.07941894531
4932.5	0.059619140625	1.84899902344
4932.7	0.0588134765625	2.08747558594
4934.8	0.059619140625	2.08666992188
4935.2	0.0588134765625	2.19060058594
4937.7	0.059619140625	2.17609863281
4938.9	2.94309082031	1.90620117187
4939.4	0.059619140625	2.00368652344
4940.4	0.059619140625	1.98757324219
4940.5	3.01721191406	1.99321289062
4941.3	0.0588134765625	2.03994140625
4942.7	0.059619140625	1.97790527344
4943.7	2.45083007813	1.84577636719
4944.3	2.81579589844	1.96420898437
4945.0	0.059619140625	1.88041992187
4945.0	2.74006347656	1.91748046875
4945.2	0.059619140625	2.08747558594
4946.0	0.059619140625	2.10036621094
4946.7	2.88266601562	2.03107910156
4948.6	0.059619140625	1.86591796875
4950.1	0.0588134765625	2.08666992188
4950.2	0.059619140625	2.05363769531
4951.1	0.059619140625	1.91748046875
4954.1	0.059619140625	1.77971191406
4954.5	0.059619140625	1.90297851562
4955.9	0.059619140625	2.11889648438
4956.2	2.81579589844	1.89653320312
4956.9	2.87299804687	1.98918457031
4957.2	0.059619140625	1.93278808594
4957.7	0.0588134765625	1.98676757812
4957.8	0.059619140625	1.93762207031
4959.8	0.059619140625	2.06733398437
4960.0	0.059619140625	2.08344726562
4960.5	0.0588134765625	2.14226074219
4960.6	2.84399414062	1.91989746094
4961.0	0.059619140625	1.9787109375
4961.7	2.82224121094	2.01496582031
4962.3	0.059619140625	2.08264160156
4962.7	0.059619140625	2.03430175781
4962.9	0.059619140625	1.98596191406
4963.8	0.059619140625	2.27841796875
4964.0	0.0588134765625	1.96501464844
4965.8	0.059619140625	2.04880371094
4966.4	0.0588134765625	1.91828613281
4966.6	2.89475097656	1.93601074219
4966.8	0.059619140625	2.09311523437
4967.7	0.059619140625	1.90942382812
4968.9	2.61357421875	1.90861816406
4969.5	0.059619140625	2.06411132813
4971.0	0.059619140625	1.79421386719
4972.4	0.0588134765625	1.97951660156
4973.5	2.98176269531	2.06088867187
4973.7	0.059619140625	1.87639160156
4977.7	2.70783691406	1.73056640625
4978.7	0.059619140625	2.18254394531
4979.0	0.059619140625	1.8884765625
4979.6	2.94873046875	2.04558105469
4980.3	0.059619140625	2.05202636719
4980.5	0.0588134765625	2.16079101563
4981.2	0.0588134765625	1.98757324219
4981.7	2.97370605469	1.88605957031
4982.1	2.87702636719	1.97629394531
4982.7	2.72233886719	1.90217285156
4983.3	0.059619140625	2.01416015625
4985.0	0.059619140625	2.08103027344
4985.6	2.84479980469	1.94809570312
4986.0	0.059619140625	1.84255371094
4987.1	0.059619140625	1.93198242187
4987.4	0.059619140625	1.92956542969
4987.6	2.82788085938	1.92956542969
4988.5	1.91184082031	2.28969726563
4989.0	0.0588134765625	1.946484375
4989.0	0.0580078125	2.02141113281
4989.2	0.059619140625	1.92875976562
4989.7	0.059619140625	1.96501464844
4990.4	2.52897949219	1.67578125
4991.1	2.90119628906	2.0044921875
4995.3	0.0588134765625	1.91667480469
4995.5	0.059619140625	1.87075195312
4996.3	2.08989257812	2.23088378906
4996.5	2.76423339844	1.95212402344
4997.0	0.0588134765625	2.07216796875
4998.8	0.059619140625	1.95212402344
5001.2	0.0588134765625	2.0560546875
5002.8	0.0580078125	2.09392089844
5003.1	0.059619140625	2.00046386719
5004.0	3.00593261719	1.97307128906
5004.4	2.87783203125	1.96823730469
5006.5	0.059619140625	2.01416015625
5006.8	2.87058105469	2.04558105469
5009.4	2.91247558594	1.99562988281
5011.4	2.64499511719	2.0947265625
5012.7	0.059619140625	1.96823730469
5013.0	0.059619140625	1.97548828125
5014.1	0.059619140625	1.97790527344
5014.6	2.73845214844	1.96501464844
5015.6	0.059619140625	1.97629394531
5015.8	0.059619140625	2.07780761719
5016.2	2.96081542969	1.920703125
5016.3	0.059619140625	2.05444335938
5017.1	0.059619140625	2.08344726562
5018.3	0.059619140625	2.03430175781
5019.1	2.71589355469	1.97629394531
5020.5	0.059619140625	1.9271484375
5021.3	0.059619140625	2.14306640625
5021.9	0.0298095703125	1.01997070313
5022.2	0.162744140625	2.06652832031
5023.8	2.80935058594	1.97468261719
5024.8	0.059619140625	1.80065917969
5025.5	2.92214355469	1.93681640625
5026.7	0.059619140625	1.97387695312
5027.1	0.059619140625	1.93762207031
5027.4	2.94873046875	1.9787109375
5029.0	0.0588134765625	2.1462890625
5029.4	2.63532714844	2.05927734375
5029.5	0.059619140625	1.97548828125
5029.6	0.059619140625	1.95615234375
5030.0	0.0588134765625	2.08103027344
5030.8	0.059619140625	1.97790527344
5031.8	2.80290527344	1.91022949219
5031.8	0.0588134765625	1.920703125
5032.0	2.91086425781	1.96984863281
5032.3	0.059619140625	2.1462890625
5032.7	0.059619140625	2.06813964844
5032.7	0.0588134765625	2.11728515625
5033.4	0.059619140625	1.95373535156
5033.8	0.059619140625	2.34045410156
5034.4	0.0588134765625	2.00046386719
5035.8	2.76745605469	2.04155273437
5036.2	0.059619140625	1.84899902344
5041.1	2.60874023437	1.76440429688
5046.1	0.059619140625	1.48161621094
5047.0	2.62404785156	1.82160644531
5047.4	0.059619140625	2.00771484375
5047.4	0.0588134765625	2.03671875
5048.5	2.75617675781	1.61535644531
5050.0	0.059619140625	2.19382324219
5052.2	2.71186523437	1.959375
5052.7	2.8810546875	2.00529785156
5052.9	0.0588134765625	2.15998535156
5053.3	2.98659667969	1.98596191406
5054.9	0.0588134765625	2.19946289062
5055.8	2.74409179687	1.96420898437
5056.1	2.07861328125	2.63452148438
5056.8	0.0588134765625	2.06330566406
5056.9	0.059619140625	1.9400390625
5057.7	2.71428222656	1.85947265625
5058.7	2.83513183594	1.98837890625
5059.2	0.059619140625	2.03430175781
5059.6	2.85285644531	1.96904296875
5060.6	0.0588134765625	2.00529785156
5061.4	0.059619140625	1.96340332031
5061.7	0.059619140625	1.99885253906
5062.6	2.77712402344	1.85141601562
5063.1	0.059619140625	1.9142578125
5063.3	0.0588134765625	2.07297363281
5064.0	0.059619140625	2.14870605469
5065.3	2.90925292969	2.12292480469
5066.1	0.0588134765625	1.89411621094
5067.3	0.0588134765625	2.01979980469
5068.9	0.0580078125	1.91022949219
5069.1	0.059619140625	2.00529785156
5070.1	0.059619140625	1.88203125
5072.3	2.63854980469	1.85866699219
5072.9	0.059619140625	1.73942871094
5073.7	0.059619140625	1.9013671875
5074.2	0.059619140625	2.02141113281
5074.9	2.81257324219	1.93359375
5076.5	2.84399414062	1.98354492187
5077.6	2.82626953125	1.99885253906
5078.6	0.059619140625	2.11889648438
5078.8	0.059619140625	2.13017578125
5079.6	2.61840820312	1.998046875
5079.9	0.059619140625	2.01416015625
5080.1	0.059619140625	2.14306640625
5080.2	0.059619140625	2.02302246094
5080.2	0.059619140625	1.99562988281
5081.5	2.63532714844	1.94970703125
5082.0	0.059619140625	1.94245605469
5082.1	0.059619140625	2.01013183594
5084.3	2.83513183594	1.97468261719
5086.1	0.059619140625	1.93520507812
5087.1	0.0588134765625	2.09311523437
5087.5	0.059619140625	2.06169433594
5088.2	0.0588134765625	1.89653320312
5090.2	0.059619140625	1.86752929687
5091.0	2.82868652344	1.98193359375
5092.4	0.059619140625	2.19140625
5092.4	0.059619140625	2.05686035156
5092.7	0.059619140625	2.10842285156
5093.3	2.81821289062	1.97629394531
5095.6	0.059619140625	1.98837890625
5098.5	0.059619140625	1.98354492187
5100.6	0.059619140625	1.81596679687
5100.7	0.0588134765625	2.15676269531
5100.8	2.86252441406	1.82321777344
5100.9	2.86091308594	2.03994140625
5101.2	2.67158203125	1.92392578125
5102.7	2.6490234375	1.91264648437
5103.9	0.0588134765625	2.09392089844
5104.6	2.81176757812	1.99643554687
5105.8	2.79484863281	1.98273925781
5106.7	0.0588134765625	2.09392089844
5107.2	0.059619140625	1.98596191406
5108.7	2.78276367187	1.9013671875
5108.9	0.059619140625	2.18334960938
5109.4	2.84399414062	1.92231445312
5109.7	2.90925292969	2.07297363281
5110.0	0.059619140625	1.95373535156
5110.3	0.059619140625	2.12534179687
5111.2	0.059619140625	1.99240722656
5112.1	0.059619140625	2.03269042969
5112.2	0.059619140625	1.88444824219
5112.6	2.93664550781	1.91264648437
5112.8	0.0588134765625	2.06733398437
5114.8	2.84479980469	2.0689453125
5114.9	2.5587890625	1.80146484375
5115.7	2.82465820312	1.98354492187
5115.9	0.059619140625	2.15192871094
5117.4	0.059619140625	1.83208007812
5117.5	0.059619140625	1.9529296875
5118.7	0.059619140625	2.04880371094
5119.7	3.09616699219	1.92634277344
5120.7	2.89555664062	1.87719726562
5121.2	0.0588134765625	1.85141601562
5121.7	0.059619140625	1.73781738281
5122.4	0.059619140625	2.06169433594
5122.5	0.059619140625	1.96259765625
5123.1	0.0580078125	1.9658203125
5124.3	0.059619140625	2.07458496094
5124.4	2.79323730469	1.98999023438
5125.3	2.87541503906	1.89653320312
5125.8	2.80451660156	1.99562988281
5126.3	2.76181640625	1.89895019531
5127.9	0.059619140625	1.99965820312
5128.7	0.059619140625	1.80388183594
5128.9	0.0588134765625	2.07700195312
5129.3	0.0604248046875	1.85061035156
5130.0	2.67077636719	2.02302246094
5130.5	0.059619140625	2.21154785156
5131.4	1.98515625	1.98435058594
5131.9	0.059619140625	2.06491699219
5132.8	2.62888183594	1.740234375
5133.2	0.059619140625	1.73298339844
5134.5	0.059619140625	1.93278808594
5136.1	0.059619140625	1.99885253906
5136.3	0.059619140625	2.02785644531
5137.0	0.0588134765625	2.12856445313
5137.2	2.94147949219	2.01013183594
5138.6	2.79243164062	1.96259765625
5142.2	0.059619140625	1.97548828125
5142.8	0.059619140625	1.99079589844
5143.3	2.87138671875	1.99885253906
5143.9	0.059619140625	2.16240234375
5144.6	2.75939941406	1.95131835937
5145.1	0.0588134765625	2.0689453125
5145.1	0.059619140625	1.97387695312
5145.8	2.69011230469	1.95051269531
5146.2	0.059619140625	2.1333984375
5146.8	0.059619140625	2.27116699219
5147.2	0.059619140625	2.01254882812
5147.6	0.0588134765625	2.0044921875
5148.1	0.059619140625	2.02624511719
5148.7	0.059619140625	1.93439941406
5152.0	0.059619140625	2.03671875
5153.7	0.059619140625	1.92875976562
5154.4	2.86333007812	2.06733398437
5157.3	0.059619140625	2.01013183594
5158.5	0.059619140625	1.94245605469
5158.6	0.059619140625	1.97709960937
5158.7	0.059619140625	1.91667480469
5159.0	0.059619140625	2.05847167969
5159.7	0.059619140625	2.04558105469
5159.8	2.69011230469	1.82644042969
5160.1	2.98337402344	1.96098632812
5160.3	2.73684082031	1.94890136719
5162.1	0.059619140625	1.84899902344
5162.1	2.77067871094	1.8755859375
5163.0	0.059619140625	2.32272949219
5164.2	2.51528320312	1.68786621094
5164.3	2.71589355469	2.00610351562
5165.0	0.059619140625	1.77729492187
5166.3	0.059619140625	1.98515625
5167.1	0.059619140625	2.14306640625
5167.5	0.0588134765625	2.04558105469
5167.6	2.90441894531	1.96823730469
5169.5	2.71750488281	1.88928222656
5172.4	0.059619140625	2.08425292969
5176.1	0.0588134765625	2.01577148438
5176.7	2.75698242187	1.92312011719
5177.9	0.02900390625	0.957934570312
5177.9	0.193359375	1.84013671875
5178.2	0.059619140625	1.99401855469
5179.8	2.52978515625	1.74990234375
5182.2	0.059619140625	2.07136230469
5182.7	2.80773925781	1.9013671875
5186.4	0.059619140625	2.03752441406
5186.9	2.96403808594	2.00690917969
5187.1	0.059619140625	2.08425292969
5187.5	0.059619140625	1.9078125
5187.5	0.059619140625	2.02543945312
5190.5	0.059619140625	1.93037109375
5191.6	2.88508300781	2.03430175781
5191.9	0.0588134765625	2.12131347656
5192.3	0.059619140625	1.93198242187
5193.0	0.059619140625	2.03430175781
5193.0	0.0588134765625	2.06330566406
5193.7	0.059619140625	2.01416015625
5195.0	0.0588134765625	2.02060546875
5195.1	2.90361328125	2.08022460938
5195.8	0.059619140625	1.90620117187
5196.1	0.059619140625	2.08586425781
5196.3	0.059619140625	1.95856933594
5200.0	0.059619140625	1.91586914062
5200.6	0.0588134765625	2.1333984375
5200.9	0.059619140625	1.79421386719
5202.8	0.0588134765625	2.30419921875
5205.2	0.0588134765625	2.02543945312
5206.9	2.91086425781	1.90458984375
5207.0	0.0588134765625	1.90620117187
5207.3	2.80451660156	1.95212402344
5207.3	3.00270996094	2.00610351562
5207.5	2.95598144531	2.06169433594
5208.9	2.30983886719	2.35495605469
5209.0	0.059619140625	1.88525390625
5211.5	0.059619140625	1.96340332031
5211.9	0.059619140625	1.89250488281
5212.5	0.059619140625	1.96743164062
5212.7	2.73200683594	1.97145996094
5213.5	0.059619140625	2.02543945312
5213.6	0.059619140625	1.83610839844
5214.0	0.059619140625	2.08828125
5216.5	0.059619140625	2.0625
5216.8	0.0588134765625	2.01899414062
5217.0	0.059619140625	2.03591308594
5218.2	0.059619140625	2.16965332031
5218.9	0.0588134765625	1.93601074219
5219.0	0.059619140625	2.04719238281
5219.6	0.059619140625	2.12453613281
5219.7	0.0588134765625	2.03833007812
5220.4	2.87058105469	2.06411132813
5222.0	2.7908203125	2.01335449219
5222.0	0.059619140625	1.83852539062
5223.1	0.0588134765625	2.29291992187
5223.1	2.80290527344	1.96340332031
5224.0	2.87058105469	1.92956542969
5224.6	0.059619140625	1.96501464844
5227.2	2.92294921875	1.97790527344
5229.2	0.0580078125	2.21396484375
5231.7	0.059619140625	2.20107421875
5232.5	0.059619140625	1.75151367187
5232.6	0.0588134765625	1.88686523437
5233.1	0.0588134765625	2.09714355469
5233.1	0.059619140625	1.84255371094
5234.1	0.059619140625	2.05847167969
5234.3	0.059619140625	1.92231445312
5235.3	2.64016113281	2.02624511719
5237.7	0.0588134765625	2.01335449219
5237.8	0.059619140625	2.06330566406
5239.1	2.87219238281	2.03107910156
5241.0	0.059619140625	1.98515625
5241.2	0.059619140625	2.01657714844
5242.2	3.20734863281	2.07136230469
5242.5	0.059619140625	1.98273925781
5245.4	0.059619140625	2.02785644531
5246.2	0.059619140625	1.99562988281
5246.5	0.059619140625	2.01335449219
5247.8	2.69897460938	1.79743652344
5248.5	0.0588134765625	2.40168457031
5248.5	0.059619140625	1.95615234375
5249.8	0.059619140625	2.0947265625
5250.3	0.0588134765625	1.98354492187
5252.9	0.059619140625	1.72573242187
5253.1	0.0588134765625	1.91586914062
5253.5	0.0588134765625	1.91264648437
5254.3	0.059619140625	1.95534667969
5254.9	0.059619140625	2.00207519531
5256.2	0.059619140625	1.99321289062
5256.3	0.059619140625	1.94809570312
5256.6	0.059619140625	2.01496582031
5256.7	0.0588134765625	1.94970703125
5258.0	2.51206054687	1.66530761719
5259.4	0.059619140625	2.05202636719
5259.4	0.059619140625	1.96340332031
5259.8	0.059619140625	1.99401855469
5261.6	0.059619140625	1.79743652344
5262.1	0.0588134765625	2.11486816406
5262.9	1.87800292969	2.33884277344
5263.1	0.059619140625	1.92473144531
5264.5	0.059619140625	1.99643554687
5265.8	0.059619140625	1.95776367188
5267.2	2.93503417969	2.0560546875
5268.9	0.059619140625	2.05766601562
5269.6	0.0588134765625	1.88203125
5270.1	0.059619140625	2.15192871094
5271.0	0.0588134765625	2.11647949219
5272.3	0.059619140625	1.86027832031
5273.6	0.059619140625	2.05202636719
5273.8	0.059619140625	1.88605957031
5275.1	0.0588134765625	2.20510253906
5275.3	0.059619140625	2.03510742187
5275.3	0.059619140625	1.97629394531
5275.9	0.059619140625	1.98435058594
5276.0	0.059619140625	2.07780761719
5278.8	0.059619140625	2.01657714844
5281.1	2.94228515625	1.98435058594
5281.7	2.90119628906	2.03833007812
5282.2	0.059619140625	2.02141113281
5282.3	0.059619140625	2.07458496094
5283.1	2.55637207031	1.97790527344
5283.2	0.059619140625	1.84819335937
5283.4	3.05024414062	2.07861328125
5283.5	2.95598144531	2.04719238281
5288.8	0.059619140625	2.03591308594
5288.9	0.0588134765625	1.7337890625
5289.5	0.059619140625	1.93117675781
5289.6	0.059619140625	1.97951660156
5290.5	2.87541503906	2.01657714844
5291.4	0.059619140625	1.96662597656
5293.1	2.82143554687	1.98193359375
5293.8	0.059619140625	2.01416015625
5294.0	2.67963867187	1.87236328125
5296.2	0.059619140625	1.82644042969
5298.0	2.88347167969	2.04880371094
5299.1	0.059619140625	1.84738769531
5299.3	0.059619140625	1.85625
5299.5	0.059619140625	2.0689453125
5300.6	0.059619140625	1.93601074219
5301.8	2.75134277344	1.98596191406
5302.1	0.059619140625	2.10439453125
5302.8	0.059619140625	2.03107910156
5302.8	0.059619140625	2.01013183594
5303.0	0.059619140625	2.14467773438
5304.9	0.059619140625	2.09875488281
5307.1	0.059619140625	2.0689453125
5307.2	0.0588134765625	2.5201171875
5307.9	0.059619140625	1.98032226562
5308.6	0.059619140625	1.96743164062
5309.1	0.0588134765625	1.97709960937
5309.2	0.059619140625	2.12937011719
5309.3	0.059619140625	2.13420410156
5310.4	0.059619140625	2.25183105469
5310.9	0.0588134765625	1.98676757812
5312.0	2.72233886719	1.78132324219
5312.3	2.87299804687	2.0302734375
5313.7	0.059619140625	1.99885253906
5314.6	0.059619140625	2.023828125
5316.9	2.77551269531	1.89814453125
5317.3	3.0099609375	2.08908691406
5317.8	2.86574707031	1.88767089844
5317.9	0.059619140625	2.03107910156
5318.2	2.70461425781	1.94729003906
5318.5	2.89313964844	1.90539550781
5318.7	2.54106445312	1.6822265625
5319.2	2.74650878906	1.98596191406
5320.2	2.84157714844	1.920703125
5322.7	2.74650878906	1.78696289062
5323.3	0.059619140625	2.1076171875
5324.9	0.059619140625	2.15515136719
5326.5	0.059619140625	1.91667480469
5326.8	0.0588134765625	1.93037109375
5326.8	2.88508300781	1.95373535156
5327.6	2.74973144531	2.0431640625
5327.7	0.059619140625	1.96662597656
5328.9	0.059619140625	2.03752441406
5329.0	0.0588134765625	1.82805175781
5330.9	2.89797363281	1.96904296875
5331.2	0.0588134765625	1.96501464844
5331.3	0.059619140625	1.88122558594
5331.6	0.059619140625	1.84738769531
5332.0	2.78518066406	2.04155273437
5332.7	2.76262207031	1.85061035156
5333.4	0.059619140625	2.03752441406
5334.1	2.88347167969	1.93601074219
5334.5	2.94711914062	1.97468261719
5334.9	3.04138183594	2.01657714844
5335.3	2.89958496094	1.96179199219
5335.7	0.059619140625	2.03269042969
5336.0	2.76906738281	1.87961425781
5339.4	0.059619140625	1.90378417969
5339.7	0.059619140625	1.9658203125
5340.9	0.059619140625	2.05202636719
5341.0	0.0588134765625	2.00852050781
5343.2	0.0588134765625	1.94970703125
5343.8	0.059619140625	2.14145507812
5343.9	0.059619140625	1.86108398438
5346.8	2.91569824219	1.85383300781
5346.9	0.059619140625	2.04880371094
5347.0	2.63371582031	1.87316894531
5347.0	0.0588134765625	2.07780761719
5347.4	0.059619140625	2.00690917969
5347.5	2.80935058594	1.90056152344
5347.6	0.059619140625	1.97468261719
5348.0	2.79484863281	1.75554199219
5348.1	0.059619140625	1.91264648437
5349.5	2.93422851562	2.06169433594
5349.9	2.80935058594	1.88041992187
5352.7	2.88911132812	1.98515625
5352.9	0.0588134765625	2.03994140625
5354.0	2.78920898437	1.93923339844
5354.7	0.059619140625	1.99079589844
5355.8	0.0588134765625	1.63872070312
5356.7	0.059619140625	1.90297851562
5356.9	0.059619140625	1.92473144531
5357.0	0.059619140625	1.97629394531
5358.5	2.73120117188	1.85141601562
5359.1	0.059619140625	2.05363769531
5360.2	2.92456054688	2.02141113281
5360.3	0.0588134765625	2.0109375
5360.7	0.059619140625	2.03349609375
5360.8	2.80209960937	1.9400390625
5362.3	0.059619140625	1.88605957031
5362.8	2.83352050781	1.89411621094
5363.7	0.059619140625	2.27116699219
5365.9	0.059619140625	2.02543945312
5366.4	0.059619140625	2.19060058594
5366.6	2.83190917969	1.83771972656
5368.1	0.059619140625	2.11970214844
5368.5	0.059619140625	1.94567871094
5369.1	0.059619140625	1.84416503906
5369.4	0.0588134765625	2.13581542969
5370.3	0.059619140625	2.00529785156
5370.8	2.87622070312	1.95615234375
5371.2	2.73764648437	1.86430664062
5373.0	0.059619140625	2.04396972656
5373.3	2.95759277344	2.05927734375
5373.8	2.96242675781	1.98837890625
5376.5	0.059619140625	1.88686523437
5377.2	0.059619140625	1.96984863281
5377.4	2.96887207031	2.03107910156
5377.5	0.059619140625	2.11647949219
5377.8	0.0588134765625	1.98999023438
5377.9	2.76423339844	1.90620117187
5378.4	2.41618652344	1.37849121094
5379.5	0.059619140625	2.08747558594
5380.3	2.66271972656	1.87639160156
5381.0	2.88186035156	2.09392089844
5382.9	2.85607910156	1.99482421875
5386.3	0.0588134765625	1.92875976562
5387.1	0.0588134765625	2.049609375
5387.2	2.79968261719	1.97548828125
5387.2	0.059619140625	2.05363769531
5389.9	0.0588134765625	2.19060058594
5391.2	0.059619140625	1.98193359375
5391.5	2.91086425781	1.99321289062
5391.7	0.0588134765625	2.16240234375
5392.0	0.059619140625	1.96420898437
5392.0	0.059619140625	1.89250488281
5394.5	0.059619140625	1.88364257812
5394.6	2.64982910156	1.72976074219
5394.9	2.94631347656	1.98435058594
5395.1	0.059619140625	1.91667480469
5395.3	0.0588134765625	2.00046386719
5396.0	2.71428222656	2.16965332031
5398.1	0.059619140625	2.11486816406
5398.4	0.059619140625	2.03510742187
5398.7	0.0588134765625	2.04558105469
5399.2	0.059619140625	1.98273925781
5400.2	2.90844726562	1.99885253906
5400.9	2.55153808594	1.93278808594
5401.1	0.059619140625	2.08989257812
5401.3	0.059619140625	1.90378417969
5401.7	2.73522949219	1.99482421875
5402.6	0.0588134765625	1.9271484375
5402.6	0.059619140625	1.96179199219
5403.2	0.059619140625	1.98999023438
